#RMID    RA    DEC 
RM 000    213.65434      53.07299     
RM 001    213.77474      53.06088     
RM 002    213.75646      53.01634     
RM 003    213.66422      53.00806     
RM 004    213.78572      53.00548     
RM 005    213.92252      53.07341     
RM 006    213.50774      53.01627     
RM 007    213.93224      53.12066     
RM 008    213.47848      53.00685     
RM 009    213.49797      53.18036     
RM 010    213.76416      52.92234     
RM 011    213.89252      52.96201     
RM 012    213.48220      53.20064     
RM 013    213.76175      52.90035     
RM 014    213.42758      53.17294     
RM 015    213.92587      53.22355     
RM 016    214.02897      53.15827     
RM 017    213.35115      53.09082     
RM 018    213.34694      53.17620     
RM 019    213.87373      52.86819     
RM 020    213.54862      52.86362     
RM 021    213.31238      53.02762     
RM 022    213.89376      53.30444     
RM 023    213.97692      53.28526     
RM 024    213.85862      53.32826     
RM 025    214.03266      53.25973     
RM 026    213.66811      53.34920     
RM 027    214.00335      52.88209     
RM 028    213.92953      52.84914     
RM 029    213.29461      52.96396     
RM 030    214.01132      53.29584     
RM 031    214.17038      53.11596     
RM 032    213.30637      52.93064     
RM 033    213.88482      52.81831     
RM 034    213.22504      53.13741     
RM 035    213.95815      53.33488     
RM 036    213.58563      53.37130     
RM 037    214.20274      53.09108     
RM 038    214.14908      52.94704     
RM 039    214.02967      53.31800     
RM 040    214.20369      53.15099     
RM 041    214.18242      52.97331     
RM 042    213.58110      52.78097     
RM 043    213.40339      52.82200     
RM 044    214.09516      53.30677     
RM 045    213.75546      53.41070     
RM 046    213.57135      53.40284     
RM 047    214.14755      52.87130     
RM 048    213.64779      53.42695     
RM 049    213.56711      52.74312     
RM 050    213.84390      52.73931     
RM 051    213.46734      53.40969     
RM 052    213.20998      53.28878     
RM 053    213.09484      53.11349     
RM 054    214.31331      53.05105     
RM 055    214.11566      52.80388     
RM 056    213.21206      53.32574     
RM 057    214.34090      53.08177     
RM 058    213.12362      53.24215     
RM 059    214.33871      53.03627     
RM 060    213.08005      52.98262     
RM 061    213.99998      52.73780     
RM 062    213.57372      53.46968     
RM 063    213.14080      52.87780     
RM 064    214.17258      53.36310     
RM 065    213.48798      52.70831     
RM 066    213.85182      53.47577     
RM 067    213.11035      52.89656     
RM 068    213.78568      53.48799     
RM 069    213.53569      52.67744     
RM 070    213.00745      53.14199     
RM 071    213.96388      52.68887     
RM 072    214.24343      52.80177     
RM 073    214.42385      53.08863     
RM 074    212.97814      53.14080     
RM 075    213.07095      52.85763     
RM 076    213.37944      53.48296     
RM 077    214.44593      53.06381     
RM 078    212.97572      53.18875     
RM 079    214.43054      53.19602     
RM 080    213.10251      53.36400     
RM 081    213.86651      52.62971     
RM 082    214.41302      53.27731     
RM 083    213.33225      52.66874     
RM 084    213.15780      52.74133     
RM 085    213.91497      52.62442     
RM 086    214.48733      52.99910     
RM 087    213.36446      52.64774     
RM 088    212.96574      52.89559     
RM 089    214.46136      53.27082     
RM 090    212.93385      53.25239     
RM 091    213.14732      52.72130     
RM 092    212.89244      53.00143     
RM 093    213.02093      53.36128     
RM 094    213.08555      52.75624     
RM 095    213.08113      53.41595     
RM 096    214.11954      53.51678     
RM 097    213.41877      52.60512     
RM 098    213.56810      53.58567     
RM 099    213.68417      53.59878     
RM 100    213.44619      52.59046     
RM 101    213.05917      53.42964     
RM 102    213.47079      52.57895     
RM 103    212.98025      52.79266     
RM 104    213.65825      53.61005     
RM 105    214.50629      52.86688     
RM 106    212.82702      53.13854     
RM 107    214.57276      53.18800     
RM 108    213.11157      52.68899     
RM 109    214.36323      53.44112     
RM 110    214.53221      53.29834     
RM 111    214.11037      53.56847     
RM 112    212.88567      52.85321     
RM 113    213.26827      52.60140     
RM 114    213.89293      53.62056     
RM 115    213.18633      52.63066     
RM 116    213.63526      52.53182     
RM 117    214.62293      53.03550     
RM 118    213.55325      52.53583     
RM 119    212.89816      52.80402     
RM 120    212.90277      52.77685     
RM 121    212.85709      52.82340     
RM 122    214.11960      52.56288     
RM 123    214.65772      53.17155     
RM 124    214.28528      53.54825     
RM 125    212.95800      53.45586     
RM 126    213.53650      53.66063     
RM 127    212.82251      53.34611     
RM 128    212.76324      53.26426     
RM 129    214.34932      52.63502     
RM 130    214.39721      52.64764     
RM 131    213.25970      53.63037     
RM 132    214.52759      53.44159     
RM 133    214.38162      53.54011     
RM 134    212.72743      53.25913     
RM 135    212.79563      52.80433     
RM 136    214.29618      53.58518     
RM 137    212.80246      53.38183     
RM 138    213.90553      53.69337     
RM 139    214.54047      52.71671     
RM 140    214.73422      53.16865     
RM 141    213.35273      52.49393     
RM 142    214.51401      52.69105     
RM 143    213.62963      53.70880     
RM 144    214.68044      53.32245     
RM 145    214.57691      52.73224     
RM 146    213.03807      52.59348     
RM 147    214.59246      53.43319     
RM 148    214.77034      53.09981     
RM 149    214.76625      53.14874     
RM 150    213.21802      52.51282     
RM 151    213.56031      52.44633     
RM 152    213.28347      52.49021     
RM 153    212.75482      53.39103     
RM 154    214.26669      53.63541     
RM 155    212.84871      53.47936     
RM 156    213.39252      53.70613     
RM 157    212.68972      53.32876     
RM 158    214.47802      53.54858     
RM 159    213.69478      52.42325     
RM 160    212.67189      53.31361     
RM 161    212.70371      52.81106     
RM 162    214.05251      52.45244     
RM 163    214.18916      52.48500     
RM 164    214.23221      53.67003     
RM 165    214.51915      52.62918     
RM 166    212.84866      52.65373     
RM 167    214.82110      53.12906     
RM 168    214.34744      52.53164     
RM 169    212.64193      53.30813     
RM 170    214.52034      53.54960     
RM 171    213.33802      53.72908     
RM 172    212.58662      53.22135     
RM 173    212.94833      52.57072     
RM 174    212.70535      53.42237     
RM 175    213.88049      52.40217     
RM 176    214.50809      52.58748     
RM 177    214.35246      52.50691     
RM 178    214.72039      53.42596     
RM 179    213.48950      53.77024     
RM 180    212.53222      53.12208     
RM 181    212.66795      52.75643     
RM 182    212.83775      52.60963     
RM 183    214.83899      53.27699     
RM 184    214.34082      53.68406     
RM 185    214.39977      52.50830     
RM 186    212.59410      53.34294     
RM 187    212.52170      53.16775     
RM 188    213.24550      53.74343     
RM 189    213.49451      53.79272     
RM 190    212.52478      53.22603     
RM 191    214.18991      53.74633     
RM 192    214.20602      52.42527     
RM 193    213.92567      52.36860     
RM 194    213.12974      52.44223     
RM 195    214.89825      52.95297     
RM 196    212.49010      53.16658     
RM 197    212.60983      52.75683     
RM 198    212.49500      53.21129     
RM 199    214.39519      52.46962     
RM 200    212.63693      52.71265     
RM 201    213.06353      53.72004     
RM 202    212.49395      52.92129     
RM 203    214.54725      53.63572     
RM 204    213.09056      52.43240     
RM 205    214.85187      53.38765     
RM 206    214.67614      52.61222     
RM 207    214.41058      53.71418     
RM 208    214.93161      52.90871     
RM 209    214.95960      52.99739     
RM 210    214.96998      53.03450     
RM 211    213.84169      53.84264     
RM 212    212.65889      52.65141     
RM 213    213.57598      53.84634     
RM 214    214.29854      53.76740     
RM 215    214.96764      53.22804     
RM 216    213.92497      52.32272     
RM 217    212.50287      53.36560     
RM 218    213.12494      52.38989     
RM 219    214.99111      53.17309     
RM 220    214.82530      52.69958     
RM 221    214.99454      53.01945     
RM 222    212.68533      53.56864     
RM 223    213.92147      53.85117     
RM 224    213.43181      52.32067     
RM 225    214.83432      53.47748     
RM 226    213.63126      53.86518     
RM 227    214.56767      52.49463     
RM 228    214.31267      52.38687     
RM 229    212.57519      53.49374     
RM 230    212.52391      52.72840     
RM 231    215.02332      53.01020     
RM 232    214.21357      52.34615     
RM 233    212.38179      53.19631     
RM 234    212.43323      53.33448     
RM 235    212.79710      53.67483     
RM 236    213.91380      53.87768     
RM 237    212.59147      52.63701     
RM 238    214.45990      53.75493     
RM 239    214.85558      53.51026     
RM 240    213.58696      52.27498     
RM 241    214.41181      52.39252     
RM 242    215.04370      53.20663     
RM 243    212.35370      53.00074     
RM 244    212.42829      53.37204     
RM 245    213.44870      52.27950     
RM 246    214.85112      53.53268     
RM 247    214.67479      52.50973     
RM 248    214.34291      53.81474     
RM 249    214.98457      53.40074     
RM 250    214.17679      52.30352     
RM 251    213.97634      53.89917     
RM 252    214.46306      52.38641     
RM 253    214.82551      53.58150     
RM 254    214.87094      53.54590     
RM 255    213.85586      53.91895     
RM 256    213.39217      53.90843     
RM 257    212.38295      53.38395     
RM 258    215.11461      53.08182     
RM 259    215.10659      53.18479     
RM 260    212.57517      52.57946     
RM 261    212.84701      53.76562     
RM 262    213.35780      53.91128     
RM 263    212.28733      53.01008     
RM 264    213.05914      53.84867     
RM 265    215.09950      53.26807     
RM 266    212.51219      53.55957     
RM 267    212.80299      53.75199     
RM 268    212.68069      53.68660     
RM 269    214.87462      53.58373     
RM 270    212.42921      52.69808     
RM 271    214.46829      53.81373     
RM 272    214.10712      53.91070     
RM 273    213.29360      53.90960     
RM 274    214.95760      53.50929     
RM 275    212.46588      53.52604     
RM 276    214.36049      52.31570     
RM 277    213.53934      53.94672     
RM 278    214.32112      52.29764     
RM 279    212.44092      52.66400     
RM 280    214.95499      53.53547     
RM 281    212.34441      52.76988     
RM 282    214.91129      52.59382     
RM 283    214.30109      52.28217     
RM 284    214.86398      53.62436     
RM 285    214.21215      52.25793     
RM 286    215.16903      53.12799     
RM 287    213.13864      52.27057     
RM 288    213.71673      53.96587     
RM 289    213.88304      53.96150     
RM 290    212.90858      53.83269     
RM 291    214.18017      52.24328     
RM 292    215.15768      52.91468     
RM 293    214.84612      53.66015     
RM 294    213.42134      52.20559     
RM 295    213.44946      52.20137     
RM 296    214.65980      52.39983     
RM 297    212.50922      53.62505     
RM 298    212.98152      52.30083     
RM 299    215.15509      52.87407     
RM 300    214.92128      53.61379     
RM 301    215.04269      52.67490     
RM 302    212.21211      52.96415     
RM 303    214.62585      52.37013     
RM 304    212.19677      53.04313     
RM 305    212.51780      52.52805     
RM 306    214.09563      52.20340     
RM 307    214.13713      52.20878     
RM 308    213.26084      53.95833     
RM 309    214.84572      53.69322     
RM 310    213.08373      53.92036     
RM 311    214.34643      52.25406     
RM 312    212.42674      52.58799     
RM 313    212.85299      52.32336     
RM 314    212.94896      52.28387     
RM 315    214.94310      52.54624     
RM 316    215.21849      52.93956     
RM 317    214.77152      52.42435     
RM 318    213.20077      52.21211     
RM 319    214.67731      53.80800     
RM 320    215.16050      53.40458     
RM 321    215.18200      53.36843     
RM 322    214.71471      53.79667     
RM 323    212.84673      53.86783     
RM 324    214.24284      52.20142     
RM 325    212.15130      52.96864     
RM 326    213.95031      52.15276     
RM 327    215.06518      52.62190     
RM 328    213.30528      53.99556     
RM 329    214.24900      53.96852     
RM 330    214.19669      52.18757     
RM 331    215.28234      53.05505     
RM 332    212.18201      52.82808     
RM 333    214.13894      52.16697     
RM 334    214.79259      53.78531     
RM 335    214.88365      52.44430     
RM 336    213.80895      54.03969     
RM 337    215.26375      53.30621     
RM 338    214.98177      53.66865     
RM 339    215.06184      53.60252     
RM 340    215.23703      52.80828     
RM 341    213.75157      52.11626     
RM 342    212.09336      53.08106     
RM 343    212.76724      52.29873     
RM 344    215.30523      53.20516     
RM 345    212.67458      52.33901     
RM 346    214.68198      53.86072     
RM 347    214.21398      52.15969     
RM 348    215.16648      52.67081     
RM 349    215.02101      53.66038     
RM 350    214.81042      53.80294     
RM 351    212.81052      52.26972     
RM 352    213.66276      52.10448     
RM 353    212.21517      52.69283     
RM 354    214.98865      53.69944     
RM 355    214.30403      52.16597     
RM 356    213.89120      52.09946     
RM 357    214.98029      52.46144     
RM 358    212.47636      52.42461     
RM 359    215.32497      52.89611     
RM 360    213.66567      54.08010     
RM 361    215.25092      52.72844     
RM 362    214.37720      52.17208     
RM 363    215.30540      52.82498     
RM 364    213.25230      54.04500     
RM 365    214.81799      52.34572     
RM 366    215.17195      53.56536     
RM 367    212.95165      52.19182     
RM 368    212.05323      52.95240     
RM 369    213.26808      52.11647     
RM 370    215.08903      53.65022     
RM 371    212.84758      52.22547     
RM 372    213.15202      54.03115     
RM 373    214.74895      52.30268     
RM 374    212.86724      53.95659     
RM 375    213.87773      52.07765     
RM 376    212.05956      53.31550     
RM 377    215.18137      52.60318     
RM 378    213.33354      52.09107     
RM 379    212.90920      53.98508     
RM 380    212.00639      53.08355     
RM 381    212.11422      53.45284     
RM 382    212.00564      53.15441     
RM 383    215.40118      53.02049     
RM 384    214.91718      53.81660     
RM 385    215.35149      53.38680     
RM 386    215.21144      53.58749     
RM 387    214.77186      53.89838     
RM 388    215.34461      53.41267     
RM 389    214.66265      52.22586     
RM 390    212.55798      52.31337     
RM 391    215.42463      53.17979     
RM 392    215.30122      52.69646     
RM 393    212.70243      53.93478     
RM 394    212.19428      53.60377     
RM 395    211.99533      52.90670     
RM 396    211.96408      53.17348     
RM 397    215.40217      53.33728     
RM 398    212.26113      53.68334     
RM 399    212.63053      52.25938     
RM 400    212.19965      53.62857     
RM 401    212.48869      53.84642     
RM 402    214.48789      52.14280     
RM 403    211.99345      52.84953     
RM 404    213.26070      52.06144     
RM 405    215.28952      52.63339     
RM 406    213.48002      54.13268     
RM 407    215.31566      53.52465     
RM 408    213.54107      52.02702     
RM 409    212.32076      52.42640     
RM 410    212.43702      53.83409     
RM 411    213.21815      54.10779     
RM 412    212.99046      52.10672     
RM 413    214.81420      53.92298     
RM 414    213.51162      54.14903     
RM 415    213.68646      52.01074     
RM 416    212.20592      53.68083     
RM 417    215.46358      53.29988     
RM 418    215.45090      52.85122     
RM 419    213.00808      52.09101     
RM 420    214.94089      52.30462     
RM 421    212.09468      53.57701     
RM 422    211.91320      52.98075     
RM 423    212.98030      54.07657     
RM 424    215.42192      52.76436     
RM 425    212.62503      52.21876     
RM 426    212.63469      53.96119     
RM 427    211.93688      52.86987     
RM 428    214.73415      53.97916     
RM 429    214.77390      52.21058     
RM 430    215.11357      52.40874     
RM 431    213.96500      52.00714     
RM 432    215.51167      53.00949     
RM 433    213.55532      54.17163     
RM 434    212.29861      52.39727     
RM 435    215.25906      53.66226     
RM 436    215.22363      53.69589     
RM 437    214.34618      54.11153     
RM 438    211.88804      53.21502     
RM 439    212.70734      54.01127     
RM 440    215.53806      53.09994     
RM 441    213.88294      51.98514     
RM 442    213.10721      54.12823     
RM 443    214.54620      52.10502     
RM 444    213.40159      54.18264     
RM 445    212.80985      52.10814     
RM 446    215.31523      52.53203     
RM 447    215.50540      52.80678     
RM 448    211.85818      52.93191     
RM 449    214.92398      53.93835     
RM 450    215.57163      53.03644     
RM 451    212.20995      53.76999     
RM 452    215.55869      53.25466     
RM 453    212.74490      52.12005     
RM 454    215.07539      52.32359     
RM 455    215.52851      52.83289     
RM 456    213.24639      51.99030     
RM 457    213.57136      51.95628     
RM 458    215.49982      53.43590     
RM 459    213.02897      54.14092     
RM 460    214.14319      51.98036     
RM 461    212.12691      53.71925     
RM 462    212.31855      53.86372     
RM 463    215.23730      52.42740     
RM 464    215.43472      53.55594     
RM 465    215.03446      52.27970     
RM 466    215.39252      52.57473     
RM 467    215.41749      52.60417     
RM 468    211.80668      53.03356     
RM 469    215.27611      53.73527     
RM 470    215.19787      53.80000     
RM 471    215.25313      53.75983     
RM 472    212.77029      52.08800     
RM 473    213.79288      54.22701     
RM 474    213.41247      51.95153     
RM 475    215.42991      53.58336     
RM 476    215.41898      53.60118     
RM 477    212.11704      53.73719     
RM 478    211.86028      52.78624     
RM 479    215.51440      53.47472     
RM 480    211.96821      52.60619     
RM 481    212.06417      52.49618     
RM 482    212.54919      52.16727     
RM 483    213.16580      54.19153     
RM 484    211.79385      53.23268     
RM 485    214.80198      52.13834     
RM 486    212.42007      52.22701     
RM 487    215.52727      52.72159     
RM 488    215.41084      52.55684     
RM 489    215.33660      53.70994     
RM 490    212.74179      54.09332     
RM 491    212.33544      53.91265     
RM 492    212.97555      52.00650     
RM 493    215.16448      52.32457     
RM 494    215.42741      53.63122     
RM 495    212.02519      53.67961     
RM 496    212.75630      52.06727     
RM 497    215.65046      53.15644     
RM 498    215.64360      52.97723     
RM 499    212.51760      54.01917     
RM 500    212.63894      54.06985     
RM 501    214.39663      51.98855     
RM 502    212.24850      53.87380     
RM 503    214.05433      54.23754     
RM 504    213.95061      51.91592     
RM 505    213.15791      51.95086     
RM 506    213.40129      54.25034     
RM 507    212.49692      52.15335     
RM 508    215.37253      52.46445     
RM 509    215.64060      52.87219     
RM 510    212.08657      52.41231     
RM 511    211.98298      52.51120     
RM 512    213.22658      54.23634     
RM 513    215.43586      53.66981     
RM 514    212.43876      52.17604     
RM 515    214.53350      52.00647     
RM 516    215.65623      52.89330     
RM 517    215.20548      53.86989     
RM 518    215.59494      52.73168     
RM 519    214.30123      51.94598     
RM 520    214.85112      54.06352     
RM 521    215.68976      53.20104     
RM 522    215.17410      52.28379     
RM 523    215.58616      53.50150     
RM 524    213.79924      51.88218     
RM 525    212.37403      53.99166     
RM 526    212.04468      52.41463     
RM 527    215.61151      52.71296     
RM 528    211.69791      52.99893     
RM 529    213.32227      54.27074     
RM 530    215.15235      52.24863     
RM 531    215.37306      53.77595     
RM 532    211.98907      52.45618     
RM 533    211.95479      52.49008     
RM 534    215.23001      52.29829     
RM 535    215.50611      52.54729     
RM 536    212.59516      52.07098     
RM 537    211.83142      53.56409     
RM 538    214.52653      51.97254     
RM 539    214.56713      54.18889     
RM 540    211.77333      52.71411     
RM 541    214.71932      52.02856     
RM 542    212.28713      53.96806     
RM 543    215.06398      54.00405     
RM 544    214.19087      51.89233     
RM 545    211.68027      53.27211     
RM 546    214.86906      52.07761     
RM 547    214.77308      52.03820     
RM 548    213.97120      54.30458     
RM 549    214.13108      54.28882     
RM 550    215.32027      53.85403     
RM 551    212.94610      51.93883     
RM 552    214.70178      54.16560     
RM 553    215.75699      53.18349     
RM 554    214.95040      52.10293     
RM 555    215.67747      52.73769     
RM 556    215.63556      52.66056     
RM 557    215.48002      52.46375     
RM 558    213.19024      51.88250     
RM 559    215.75045      53.28189     
RM 560    214.70572      51.99734     
RM 561    212.22370      53.96584     
RM 562    213.72091      54.33124     
RM 563    215.30800      52.29639     
RM 564    215.77521      53.25807     
RM 565    211.64227      52.90219     
RM 566    215.78499      53.20904     
RM 567    215.06802      54.04089     
RM 568    211.67316      53.40438     
RM 569    215.43255      52.38581     
RM 570    215.53383      52.48574     
RM 571    215.63162      52.60166     
RM 572    214.54105      51.92545     
RM 573    215.67562      53.54776     
RM 574    215.19947      52.19966     
RM 575    212.41459      54.09232     
RM 576    212.57024      52.01939     
RM 577    215.78735      53.30325     
RM 578    215.72914      52.74027     
RM 579    211.59203      53.01723     
RM 580    215.77393      53.37392     
RM 581    214.81484      52.00389     
RM 582    214.69820      51.96233     
RM 583    211.87950      53.74645     
RM 584    212.01242      53.86507     
RM 585    214.03809      51.82397     
RM 586    211.60255      53.29439     
RM 587    215.47427      53.80941     
RM 588    215.76730      52.77505     
RM 589    215.20534      52.18147     
RM 590    215.69643      53.56007     
RM 591    212.47501      54.14101     
RM 592    212.52991      52.01425     
RM 593    214.09805      51.82018     
RM 594    214.76590      51.96688     
RM 595    211.55627      53.12848     
RM 596    211.86619      52.42526     
RM 597    215.25843      52.19783     
RM 598    213.06510      51.84927     
RM 599    215.21595      54.01807     
RM 600    211.57438      53.32513     
RM 601    212.26845      54.06229     
RM 602    211.62822      53.46479     
RM 603    212.44312      54.14798     
RM 604    211.72896      52.56158     
RM 605    215.55844      52.41889     
RM 606    212.65528      51.94504     
RM 607    211.70489      52.58214     
RM 608    211.82249      53.75559     
RM 609    214.97041      52.02135     
RM 610    212.19339      52.14535     
RM 611    215.75451      53.55328     
RM 612    215.71842      53.61357     
RM 613    212.53224      54.20095     
RM 614    212.26867      52.09696     
RM 615    212.79912      51.88694     
RM 616    212.73440      54.26905     
RM 617    215.72192      52.56420     
RM 618    214.10520      54.38678     
RM 619    212.12092      54.01881     
RM 620    211.78043      52.44346     
RM 621    211.70838      53.67312     
RM 622    212.81328      51.86916     
RM 623    214.36317      51.81558     
RM 624    211.88126      53.85187     
RM 625    215.66497      52.48133     
RM 626    212.25027      54.09685     
RM 627    214.70493      51.89899     
RM 628    215.17565      54.08856     
RM 629    215.91958      53.02865     
RM 630    214.66246      51.88153     
RM 631    211.47865      53.05655     
RM 632    214.15488      51.77420     
RM 633    215.90630      53.30803     
RM 634    212.89953      51.83459     
RM 635    211.86115      52.33701     
RM 636    212.76083      54.30490     
RM 637    215.37192      52.19813     
RM 638    214.47324      51.82179     
RM 639    215.35729      54.00306     
RM 640    211.62163      53.59879     
RM 641    213.52360      51.74054     
RM 642    211.46846      53.21590     
RM 643    215.33137      52.16659     
RM 644    215.75778      52.55463     
RM 645    215.16582      52.06659     
RM 646    212.05486      54.01259     
RM 647    215.82692      53.54793     
RM 648    212.26465      52.05199     
RM 649    211.47859      52.89651     
RM 650    215.18495      54.11223     
RM 651    215.45543      52.24106     
RM 652    214.00673      51.73739     
RM 653    215.94311      53.30204     
RM 654    215.97465      53.12296     
RM 655    211.85028      52.30797     
RM 656    212.19660      54.11497     
RM 657    212.00331      54.00249     
RM 658    212.31778      52.00615     
RM 659    213.86834      51.71907     
RM 660    215.92777      52.80876     
RM 661    214.99972      54.21537     
RM 662    212.39768      51.96899     
RM 663    215.94254      53.37013     
RM 664    213.00941      51.77736     
RM 665    214.02018      54.44441     
RM 666    215.45205      52.20906     
RM 667    215.25454      54.10459     
RM 668    211.47105      53.41337     
RM 669    211.45073      52.84471     
RM 670    213.89353      54.45847     
RM 671    211.53762      52.64208     
RM 672    216.00189      53.13897     
RM 673    213.13647      51.74511     
RM 674    215.97399      52.87638     
RM 675    212.18248      54.13091     
RM 676    212.26729      54.17326     
RM 677    215.70891      53.78194     
RM 678    215.26356      52.07418     
RM 679    213.85009      51.70171     
RM 680    214.91770      51.91034     
RM 681    215.64665      52.34975     
RM 682    215.90989      53.51595     
RM 683    214.62054      51.81274     
RM 684    213.36168      54.45933     
RM 685    215.90319      52.65912     
RM 686    212.30749      51.97822     
RM 687    211.38440      53.06709     
RM 688    212.87354      51.78382     
RM 689    211.42721      53.38987     
RM 690    211.56704      53.65725     
RM 691    213.24945      51.71209     
RM 692    215.78347      52.47100     
RM 693    215.18131      52.01075     
RM 694    214.27782      51.72779     
RM 695    211.77811      52.31010     
RM 696    211.59052      53.70489     
RM 697    214.88400      51.87462     
RM 698    215.95936      53.49148     
RM 699    212.66519      54.35082     
RM 700    211.39324      52.85355     
RM 701    211.81455      53.93618     
RM 702    215.23965      52.02444     
RM 703    215.21661      54.17478     
RM 704    211.62116      53.77388     
RM 705    211.53155      52.53553     
RM 706    211.41749      53.48074     
RM 707    216.07177      53.03580     
RM 708    215.17005      51.97299     
RM 709    212.22948      51.97590     
RM 710    216.07588      53.06850     
RM 711    211.57319      52.47485     
RM 712    213.51318      54.50401     
RM 713    216.04618      53.34483     
RM 714    215.95717      52.65101     
RM 715    215.07418      54.25874     
RM 716    213.72805      51.65377     
RM 717    214.20109      54.48360     
RM 718    214.81273      54.36002     
RM 719    214.39534      51.71050     
RM 720    211.32509      53.25834     
RM 721    214.86324      51.83085     
RM 722    216.07996      53.29739     
RM 723    212.18536      51.97871     
RM 724    216.09378      52.98423     
RM 725    215.84378      52.44893     
RM 726    211.87318      52.16416     
RM 727    211.36839      52.77028     
RM 728    216.08149      53.31666     
RM 729    216.01946      53.49704     
RM 730    215.60432      53.98381     
RM 731    216.11505      53.07689     
RM 732    211.30230      53.24773     
RM 733    211.46662      53.64779     
RM 734    213.60814      51.63380     
RM 735    214.37054      54.48051     
RM 736    211.28585      53.09417     
RM 737    211.70062      53.91363     
RM 738    216.00169      53.56306     
RM 739    215.19954      51.94746     
RM 740    216.09194      52.85895     
RM 741    214.89360      51.82096     
RM 742    213.26373      51.65223     
RM 743    216.02126      53.53509     
RM 744    214.06594      54.52401     
RM 745    216.07326      53.42283     
RM 746    214.33454      51.67566     
RM 747    215.72230      53.92102     
RM 748    212.27851      51.89946     
RM 749    212.23171      51.92006     
RM 750    211.34484      52.71713     
RM 751    211.79882      52.17596     
RM 752    215.84457      53.82043     
RM 753    216.14696      53.24689     
RM 754    215.06031      51.85676     
RM 755    215.90135      53.77163     
RM 756    212.34759      51.85559     
RM 757    214.75874      51.74976     
RM 758    212.69852      51.73526     
RM 759    216.14361      52.88634     
RM 760    215.09463      51.86626     
RM 761    216.05386      52.65096     
RM 762    214.82952      54.40912     
RM 763    211.65381      52.27056     
RM 764    215.59254      52.13871     
RM 765    211.29051      53.45241     
RM 766    213.58268      53.63760     
RM 767    214.21221      53.86584     
RM 768    212.31540      53.45606     
RM 769    213.22466      54.00399     
RM 770    215.27862      53.62923     
RM 771    214.01893      54.17766     
RM 772    215.39959      52.52747     
RM 773    214.25808      54.22793     
RM 774    212.62967      52.05463     
RM 775    211.99611      53.79994     
RM 776    212.05039      53.88425     
RM 777    212.58799      54.24792     
RM 778    213.57730      54.42271     
RM 779    214.84736      54.36715     
RM 780    214.17651      51.65195     
RM 781    215.26470      51.97207     
RM 782    213.32900      54.53400     
RM 783    213.33263      51.62170     
RM 784    212.26520      54.29636     
RM 785    213.34349      52.54715     
RM 786    213.58974      52.49447     
RM 787    214.06213      52.83146     
RM 788    213.13223      52.97721     
RM 789    214.18403      53.43224     
RM 790    214.37196      53.30737     
RM 791    213.04689      52.77716     
RM 792    214.50300      53.34330     
RM 793    214.13404      53.64371     
RM 794    212.84327      52.69845     
RM 795    214.89524      53.23743     
RM 796    214.53174      53.70123     
RM 797    213.61620      53.88601     
RM 798    213.01199      52.34058     
RM 799    212.34582      52.71620     
RM 800    214.50842      52.31014     
RM 801    212.36245      52.65927     
RM 802    212.90487      53.86853     
RM 803    212.22629      52.76386     
RM 804    215.25015      53.36099     
RM 805    212.11266      53.38981     
RM 806    215.41236      52.91633     
RM 807    212.11009      52.58457     
RM 808    213.94253      54.16519     
RM 809    213.46245      54.17470     
RM 810    211.89844      52.82364     
RM 811    213.24276      54.18300     
RM 812    214.93962      52.22839     
RM 813    213.09194      54.17223     
RM 814    211.92100      52.67694     
RM 815    215.61685      53.26803     
RM 816    214.23621      54.20656     
RM 817    213.12410      54.24179     
RM 818    212.85193      54.18926     
RM 819    213.55679      54.30185     
RM 820    214.41292      54.24045     
RM 821    214.54455      54.21699     
RM 822    213.28377      51.86955     
RM 823    213.75683      54.32526     
RM 824    212.65879      52.00913     
RM 825    213.68178      54.33095     
RM 826    214.85631      54.15956     
RM 827    213.07515      54.30476     
RM 828    213.36825      54.34803     
RM 829    212.96485      51.88405     
RM 830    212.55550      54.17026     
RM 831    214.14638      54.36162     
RM 832    214.35646      54.33134     
RM 833    213.06128      54.34066     
RM 834    212.93899      54.31680     
RM 835    213.26141      54.37920     
RM 836    211.64885      52.61319     
RM 837    214.09450      54.42201     
RM 838    214.37985      54.39733     
RM 839    213.49545      54.45166     
RM 840    214.18813      54.42799     
RM 841    211.63942      53.78886     
RM 842    214.09491      52.32130     
RM 843    214.78298      53.00709     
RM 844    215.07056      53.14123     
RM 845    215.84043      53.37854     
RM 846    215.67236      53.44629     
RM 847    215.85102      53.58644     
RM 848    215.60674      53.57398     
